[header]
width=16
height=8
tilewidth=80
tileheight=90

[tilesets]
tileset=Tiles/Tileset.png,80,90,0,0
tileset=Tiles/TilesetJanela.png,80,90,0,0
tileset=Tiles/tilesetluz.png,80,90,0,0

[layer]
type=Chão e parede
data=
1,2,3,4,5,6,7,8,9,10,11,12,13,14,15,16,
17,18,19,20,21,22,23,24,25,26,27,28,29,30,31,32,
33,34,35,36,37,38,39,40,41,42,43,44,45,46,47,48,
49,50,51,52,53,54,55,56,57,58,59,60,61,62,63,64,
65,66,67,68,69,70,71,72,73,74,75,76,77,78,79,80,
81,82,83,84,85,86,87,88,89,90,91,92,93,94,95,96,
97,98,99,100,101,102,103,104,105,106,107,108,109,110,111,112,
113,114,115,116,117,118,119,120,121,122,123,124,125,126,127,128

[layer]
type=Janela e objetos
data=
0,0,0,0,0,135,136,137,138,0,0,0,0,0,0,0,
0,0,0,0,0,151,152,153,154,0,0,0,0,0,0,0,
0,0,0,0,0,167,168,169,170,0,0,0,0,0,0,0,
0,0,0,0,0,183,184,185,186,0,0,0,0,0,0,0,
0,0,0,0,0,199,200,201,202,0,0,0,0,0,0,0,
0,0,0,0,0,215,216,217,218,0,0,0,0,0,0,0,
0,0,0,0,0,0,0,0,0,0,0,0,0,0,0,0,
0,0,0,0,0,0,0,0,0,0,0,0,0,0,0,0

[layer]
type=Fonte de luz
data=
0,0,0,257,258,259,260,261,262,0,0,0,0,0,0,0,
0,0,0,263,264,265,266,267,268,0,0,0,0,0,0,0,
0,0,0,269,270,271,272,273,274,0,0,0,0,0,0,0,
0,0,0,275,276,277,278,279,280,0,0,0,0,0,0,0,
0,0,0,281,282,283,284,285,286,0,0,0,0,0,0,0,
0,0,0,287,288,289,290,291,292,0,0,0,0,0,0,0,
0,0,0,293,294,295,296,297,298,0,0,0,0,0,0,0,
0,0,0,299,300,301,302,303,304,0,0,0,0,0,0,0

